_viz_0 = nengo_gui.components.HTMLView(pacman.environment)
_viz_config[_viz_0].label_visible = True
_viz_config[_viz_0].width = 0.2973503906655161
_viz_config[_viz_0].height = 0.18030890352844953
_viz_config[_viz_0].y = 1.1708176662414354
_viz_config[_viz_0].x = 0.8710477132329482
_viz_ace_editor = nengo_gui.components.AceEditor()
_viz_net_graph = nengo_gui.components.NetGraph()
_viz_sim_control = nengo_gui.components.SimControl()
_viz_config[_viz_sim_control].kept_time = 4.0
_viz_config[_viz_sim_control].shown_time = 0.5
_viz_config[enemy].pos=(0.557822452048329, 0.7708320922064862)
_viz_config[enemy].size=(0.1, 0.1)
_viz_config[enemySensor].pos=(0.5744103079108739, 0.6678587457709075)
_viz_config[enemySensor].size=(0.1, 0.1)
_viz_config[food].pos=(0.4404092039305555, 0.6921475255588512)
_viz_config[food].size=(0.1, 0.1)
_viz_config[foodSensor].pos=(0.06121419656725757, 0.9145127867234862)
_viz_config[foodSensor].size=(0.1, 0.1)
_viz_config[model].pos=(-0.5366850258310135, -0.7168445167287285)
_viz_config[model].size=(1.5503995642425576, 1.5503995642425576)
_viz_config[model].expanded=True
_viz_config[model].has_layout=True
_viz_config[move].pos=(0.14129590503199874, 0.7663114890131955)
_viz_config[move].size=(0.1, 0.1)
_viz_config[moveSensor].pos=(0.8863500378053384, 0.5903154150788908)
_viz_config[moveSensor].size=(0.1, 0.1)
_viz_config[obstacleSensor].pos=(0.009964464409730311, 0.18873638611582055)
_viz_config[obstacleSensor].size=(0.1, 0.1)
_viz_config[obstacles].pos=(0.058940801120734077, 0.2992353931833871)
_viz_config[obstacles].size=(0.1, 0.1)
_viz_config[pacman].pos=(0.8718971629833089, 0.8333781017444131)
_viz_config[pacman].size=(0.1, 0.1)
_viz_config[pacman].expanded=True
_viz_config[pacman].has_layout=True
_viz_config[pacman.detect_enemy].pos=(0.5, 0.10843373493975904)
_viz_config[pacman.detect_enemy].size=(0.3076923076923077, 0.04819277108433735)
_viz_config[pacman.detect_food].pos=(0.5, 0.7349397590361444)
_viz_config[pacman.detect_food].size=(0.3076923076923077, 0.04819277108433734)
_viz_config[pacman.environment].pos=(0.5, 0.4216867469879518)
_viz_config[pacman.environment].size=(0.3076923076923077, 0.04819277108433734)
_viz_config[pacman.move].pos=(0.5, 0.26506024096385544)
_viz_config[pacman.move].size=(0.3076923076923077, 0.04819277108433735)
_viz_config[pacman.obstacles].pos=(0.5, 0.5783132530120481)
_viz_config[pacman.obstacles].size=(0.3076923076923077, 0.04819277108433734)
_viz_config[pacman.score].pos=(0.5, 0.8915662650602407)
_viz_config[pacman.score].size=(0.3076923076923077, 0.04819277108433734)