_viz_0 = nengo_gui.components.HTMLView(pacman.environment)
_viz_config[_viz_0].label_visible = True
_viz_config[_viz_0].width = 0.2963441575690053
_viz_config[_viz_0].height = 0.1065784537088937
_viz_config[_viz_0].y = 1.0960468917881279
_viz_config[_viz_0].x = 0.39265679809182025
_viz_1 = nengo_gui.components.HTMLView(pacman.score)
_viz_config[_viz_1].label_visible = True
_viz_config[_viz_1].width = 0.062191846645435034
_viz_config[_viz_1].height = 0.03515608151419013
_viz_config[_viz_1].y = 0.8546349694392855
_viz_config[_viz_1].x = 0.5440939446734542
_viz_ace_editor = nengo_gui.components.AceEditor()
_viz_net_graph = nengo_gui.components.NetGraph()
_viz_sim_control = nengo_gui.components.SimControl()
_viz_config[_viz_sim_control].kept_time = 4.0
_viz_config[_viz_sim_control].shown_time = 0.5
_viz_config[enemy].pos=(0.4982604779381318, 0.3773665557703203)
_viz_config[enemy].size=(0.1, 0.1)
_viz_config[food].pos=(0.07037676944382298, 0.1952313572266543)
_viz_config[food].size=(0.1, 0.1)
_viz_config[model].pos=(-0.08629570171317066, -0.6829290252532516)
_viz_config[model].size=(1.6357353139313524, 1.6357353139313524)
_viz_config[model].expanded=True
_viz_config[model].has_layout=True
_viz_config[move].pos=(0.6867426940041845, 0.47532732790689347)
_viz_config[move].size=(0.1, 0.1)
_viz_config[obstacles].pos=(0.3523104780609425, 0.6904690906741333)
_viz_config[obstacles].size=(0.1, 0.1)
_viz_config[pacman].pos=(0.19398531470017427, 0.782335627046989)
_viz_config[pacman].size=(0.1, 0.1)
_viz_config[pacman].expanded=True
_viz_config[pacman].has_layout=True
_viz_config[pacman.detect_enemy].pos=(0.5, 0.26506024096385544)
_viz_config[pacman.detect_enemy].size=(0.3076923076923077, 0.04819277108433735)
_viz_config[pacman.detect_food].pos=(0.5, 0.10843373493975904)
_viz_config[pacman.detect_food].size=(0.3076923076923077, 0.04819277108433735)
_viz_config[pacman.environment].pos=(0.5, 0.4216867469879518)
_viz_config[pacman.environment].size=(0.3076923076923077, 0.04819277108433734)
_viz_config[pacman.move].pos=(0.4751232613418261, 0.6942327107445531)
_viz_config[pacman.move].size=(0.3076923076923077, 0.04819277108433734)
_viz_config[pacman.obstacles].pos=(0.5, 0.8915662650602407)
_viz_config[pacman.obstacles].size=(0.3076923076923077, 0.04819277108433734)
_viz_config[pacman.score].pos=(0.5, 0.5783132530120481)
_viz_config[pacman.score].size=(0.3076923076923077, 0.04819277108433734)