_viz_0 = nengo_gui.components.HTMLView(pacman.environment)
_viz_config[_viz_0].label_visible = True
_viz_config[_viz_0].width = 0.22513067969261946
_viz_config[_viz_0].height = 0.05959486537188229
_viz_config[_viz_0].y = -0.1257772546443333
_viz_config[_viz_0].x = 0.4552964317037327
_viz_ace_editor = nengo_gui.components.AceEditor()
_viz_net_graph = nengo_gui.components.NetGraph()
_viz_sim_control = nengo_gui.components.SimControl()
_viz_config[_viz_sim_control].kept_time = 4.0
_viz_config[_viz_sim_control].shown_time = 0.5
_viz_config[enemy].pos=(0.10035098701916578, 0.12086704007762006)
_viz_config[enemy].size=(0.1, 0.1)
_viz_config[food].pos=(0.89562377442266, 0.7950607902905475)
_viz_config[food].size=(0.1, 0.1)
_viz_config[model].pos=(-0.18296041583469863, 0.20588339711981624)
_viz_config[model].size=(1.9138682399382891, 1.9138682399382891)
_viz_config[model].expanded=True
_viz_config[model].has_layout=True
_viz_config[move].pos=(0.41951614118984704, 0.5827645571636852)
_viz_config[move].size=(0.1, 0.1)
_viz_config[obstacles].pos=(0.9971827110258501, 0.6010708706848016)
_viz_config[obstacles].size=(0.1, 0.1)
_viz_config[pacman].pos=(0.4690894563683281, 0.05436502878202165)
_viz_config[pacman].size=(0.1, 0.1)
_viz_config[pacman].expanded=True
_viz_config[pacman].has_layout=True
_viz_config[pacman.detect_enemy].pos=(0.5, 0.4216867469879518)
_viz_config[pacman.detect_enemy].size=(0.3076923076923077, 0.04819277108433734)
_viz_config[pacman.detect_food].pos=(0.5, 0.26506024096385544)
_viz_config[pacman.detect_food].size=(0.3076923076923077, 0.04819277108433735)
_viz_config[pacman.environment].pos=(0.5, 0.7349397590361444)
_viz_config[pacman.environment].size=(0.3076923076923077, 0.04819277108433734)
_viz_config[pacman.move].pos=(0.5, 0.5783132530120481)
_viz_config[pacman.move].size=(0.3076923076923077, 0.04819277108433734)
_viz_config[pacman.obstacles].pos=(0.5, 0.10843373493975904)
_viz_config[pacman.obstacles].size=(0.3076923076923077, 0.04819277108433735)
_viz_config[pacman.score].pos=(0.5, 0.8915662650602407)
_viz_config[pacman.score].size=(0.3076923076923077, 0.04819277108433734)