_viz_0 = nengo_gui.components.HTMLView(pacman.score)
_viz_config[_viz_0].label_visible = True
_viz_config[_viz_0].width = 0.07179105474350066
_viz_config[_viz_0].height = 0.05046476210309109
_viz_config[_viz_0].y = 0.8878900415210051
_viz_config[_viz_0].x = 0.5660062407283475
_viz_1 = nengo_gui.components.HTMLView(pacman.environment)
_viz_config[_viz_1].label_visible = True
_viz_config[_viz_1].width = 0.23703060335419096
_viz_config[_viz_1].height = 0.08676232618916294
_viz_config[_viz_1].y = 1.048202239834839
_viz_config[_viz_1].x = 0.39999527226265275
_viz_ace_editor = nengo_gui.components.AceEditor()
_viz_net_graph = nengo_gui.components.NetGraph()
_viz_sim_control = nengo_gui.components.SimControl()
_viz_config[_viz_sim_control].kept_time = 4.0
_viz_config[_viz_sim_control].shown_time = 0.5
_viz_config[enemy].pos=(0.43754522267569657, 0.7825915214529424)
_viz_config[enemy].size=(0.01799483342170812, 0.02317415817039164)
_viz_config[food].pos=(0.4371786193690212, 0.703819293004811)
_viz_config[food].size=(0.01862632373266044, 0.023987405840215845)
_viz_config[model].pos=(-0.13427325962339853, -0.6531582372006408)
_viz_config[model].size=(1.9138682399382911, 1.9138682399382911)
_viz_config[model].expanded=True
_viz_config[model].has_layout=True
_viz_config[move].pos=(0.5313594242498091, 0.7695292270885459)
_viz_config[move].size=(0.023477749835774286, 0.030235183367842162)
_viz_config[obstacles].pos=(0.43923657381307485, 0.8570929024178535)
_viz_config[obstacles].size=(0.018906612180303522, 0.04869673543118768)
_viz_config[pacman].pos=(0.26440692843785535, 0.7883440536382693)
_viz_config[pacman].size=(0.1, 0.1)
_viz_config[pacman].expanded=True
_viz_config[pacman].has_layout=True
_viz_config[pacman.detect_enemy].pos=(0.5, 0.4216867469879518)
_viz_config[pacman.detect_enemy].size=(0.3076923076923077, 0.04819277108433734)
_viz_config[pacman.detect_food].pos=(0.5, 0.26506024096385544)
_viz_config[pacman.detect_food].size=(0.3076923076923077, 0.04819277108433735)
_viz_config[pacman.environment].pos=(0.5, 0.7349397590361444)
_viz_config[pacman.environment].size=(0.3076923076923077, 0.04819277108433734)
_viz_config[pacman.move].pos=(0.5, 0.5783132530120481)
_viz_config[pacman.move].size=(0.3076923076923077, 0.04819277108433734)
_viz_config[pacman.obstacles].pos=(0.5, 0.10843373493975904)
_viz_config[pacman.obstacles].size=(0.3076923076923077, 0.04819277108433735)
_viz_config[pacman.score].pos=(0.5, 0.8915662650602407)
_viz_config[pacman.score].size=(0.3076923076923077, 0.04819277108433734)