_viz_1 = nengo_gui.components.HTMLView(pacman.environment)
_viz_config[_viz_1].label_visible = True
_viz_config[_viz_1].width = 0.7928450455786287
_viz_config[_viz_1].height = 0.2854830122511178
_viz_config[_viz_1].y = 1.1816180176094468
_viz_config[_viz_1].x = 1.5185428237464176
_viz_ace_editor = nengo_gui.components.AceEditor()
_viz_net_graph = nengo_gui.components.NetGraph()
_viz_sim_control = nengo_gui.components.SimControl()
_viz_config[_viz_sim_control].kept_time = 4.0
_viz_config[_viz_sim_control].shown_time = 0.5
_viz_config[enemy].pos=(0.5395813923230819, 0.8185170299659937)
_viz_config[enemy].size=(0.1, 0.1)
_viz_config[food].pos=(0.18893434480775506, 0.7914394830648064)
_viz_config[food].size=(0.1, 0.1)
_viz_config[model].pos=(-0.6238758002877361, -0.03519206439373976)
_viz_config[model].size=(0.5851200808873522, 0.5851200808873522)
_viz_config[model].expanded=True
_viz_config[model].has_layout=True
_viz_config[move].pos=(0.7876900137317946, 0.29663781118800514)
_viz_config[move].size=(0.1, 0.1)
_viz_config[obstacles].pos=(0.129667539729455, 0.7045845618190194)
_viz_config[obstacles].size=(0.1, 0.1)
_viz_config[pacman].pos=(0.23974855401499218, 0.15835729352288186)
_viz_config[pacman].size=(0.1, 0.1)
_viz_config[pacman].expanded=True
_viz_config[pacman].has_layout=True
_viz_config[pacman.detect_enemy].pos=(0.5, 0.26506024096385544)
_viz_config[pacman.detect_enemy].size=(0.3076923076923077, 0.04819277108433735)
_viz_config[pacman.detect_food].pos=(0.5, 0.4216867469879518)
_viz_config[pacman.detect_food].size=(0.3076923076923077, 0.04819277108433734)
_viz_config[pacman.environment].pos=(0.5, 0.5783132530120481)
_viz_config[pacman.environment].size=(0.3076923076923077, 0.04819277108433734)
_viz_config[pacman.move].pos=(0.5, 0.8915662650602407)
_viz_config[pacman.move].size=(0.3076923076923077, 0.04819277108433734)
_viz_config[pacman.obstacles].pos=(0.5, 0.10843373493975904)
_viz_config[pacman.obstacles].size=(0.3076923076923077, 0.04819277108433735)
_viz_config[pacman.score].pos=(0.5, 0.7349397590361444)
_viz_config[pacman.score].size=(0.3076923076923077, 0.04819277108433734)