_viz_0 = nengo_gui.components.HTMLView(pacman.environment)
_viz_config[_viz_0].label_visible = True
_viz_config[_viz_0].width = 0.35758121087930805
_viz_config[_viz_0].height = 0.0984834175867041
_viz_config[_viz_0].y = -0.06963746292889969
_viz_config[_viz_0].x = 0.4090451863705398
_viz_ace_editor = nengo_gui.components.AceEditor()
_viz_net_graph = nengo_gui.components.NetGraph()
_viz_sim_control = nengo_gui.components.SimControl()
_viz_config[_viz_sim_control].kept_time = 4.0
_viz_config[_viz_sim_control].shown_time = 0.5
_viz_config[enemy].pos=(0.18479799243137157, 0.26994249169828144)
_viz_config[enemy].size=(0.1, 0.1)
_viz_config[food].pos=(0.5689803555770487, 0.5118174874431564)
_viz_config[food].size=(0.1, 0.1)
_viz_config[model].pos=(-0.01990217319020787, 0.3226690579681104)
_viz_config[model].size=(1.2964769927807078, 1.2964769927807078)
_viz_config[model].expanded=True
_viz_config[model].has_layout=True
_viz_config[move].pos=(0.3341802199311966, 0.45205347277165575)
_viz_config[move].size=(0.1, 0.1)
_viz_config[obstacles].pos=(0.6790456312126774, 0.29301793547121546)
_viz_config[obstacles].size=(0.1, 0.1)
_viz_config[pacman].pos=(0.40864317881011775, 0.16671174594541885)
_viz_config[pacman].size=(0.08044385137822616, 0.1)
_viz_config[pacman].expanded=True
_viz_config[pacman].has_layout=True
_viz_config[pacman.detect_enemy].pos=(0.5, 0.4216867469879518)
_viz_config[pacman.detect_enemy].size=(0.3076923076923077, 0.04819277108433734)
_viz_config[pacman.detect_food].pos=(0.5, 0.26506024096385544)
_viz_config[pacman.detect_food].size=(0.3076923076923077, 0.04819277108433735)
_viz_config[pacman.environment].pos=(0.5, 0.7349397590361444)
_viz_config[pacman.environment].size=(0.3076923076923077, 0.04819277108433734)
_viz_config[pacman.move].pos=(0.5, 0.5783132530120481)
_viz_config[pacman.move].size=(0.3076923076923077, 0.04819277108433734)
_viz_config[pacman.obstacles].pos=(0.5, 0.10843373493975904)
_viz_config[pacman.obstacles].size=(0.3076923076923077, 0.04819277108433735)
_viz_config[pacman.score].pos=(0.5, 0.8915662650602407)
_viz_config[pacman.score].size=(0.3076923076923077, 0.04819277108433734)