_viz_0 = nengo_gui.components.Raster(move)
_viz_config[_viz_0].label_visible = True
_viz_config[_viz_0].width = 0.251142321892074
_viz_config[_viz_0].x = 1.0805837812853007
_viz_config[_viz_0].y = -0.28395800834053825
_viz_config[_viz_0].height = 0.3059539013925637
_viz_1 = nengo_gui.components.HTMLView(pacman.environment)
_viz_config[_viz_1].label_visible = True
_viz_config[_viz_1].width = 1.1502318342656992
_viz_config[_viz_1].height = 0.46810946913062246
_viz_config[_viz_1].y = 0.6132635062917663
_viz_config[_viz_1].x = 0.17635573327692264
_viz_3 = nengo_gui.components.SpikeGrid(move)
_viz_config[_viz_3].label_visible = True
_viz_config[_viz_3].width = 0.251142321892074
_viz_config[_viz_3].height = 0.3059539013925637
_viz_config[_viz_3].y = -0.9937710595712862
_viz_config[_viz_3].x = 1.0956523205988253
_viz_ace_editor = nengo_gui.components.AceEditor()
_viz_net_graph = nengo_gui.components.NetGraph()
_viz_sim_control = nengo_gui.components.SimControl()
_viz_config[_viz_sim_control].kept_time = 4.0
_viz_config[_viz_sim_control].shown_time = 0.5
_viz_config[enemy].pos=(0.17676004584960714, -0.6828819155437217)
_viz_config[enemy].size=(0.1613294926486496, 0.39307901044849775)
_viz_config[food].pos=(0.15152508473446377, -0.21542055299563928)
_viz_config[food].size=(0.13819131241249355, 0.16835143854937562)
_viz_config[model].pos=(1.1004982705047062, 1.3982604729365187)
_viz_config[model].size=(0.40301679994135514, 0.40301679994135514)
_viz_config[model].expanded=True
_viz_config[model].has_layout=True
_viz_config[move].pos=(0.6631168164350506, -0.21191960710692828)
_viz_config[move].size=(0.13618756433112839, 0.3318207486045742)
_viz_config[obstacles].pos=(0.14409185620592949, -1.151386767458384)
_viz_config[obstacles].size=(0.1306032703209493, 0.1591073132886534)
_viz_config[pacman].pos=(-0.5464597804435152, -0.676558956255233)
_viz_config[pacman].size=(0.37876797730020173, 0.6017643982838047)
_viz_config[pacman].expanded=True
_viz_config[pacman].has_layout=True
_viz_config[pacman.detect_enemy].pos=(0.4970857468935746, 0.40228026803027345)
_viz_config[pacman.detect_enemy].size=(0.3076923076923077, 0.04819277108433734)
_viz_config[pacman.detect_food].pos=(0.5, 0.2345545577830167)
_viz_config[pacman.detect_food].size=(0.3076923076923077, 0.04565063081926747)
_viz_config[pacman.environment].pos=(0.4933694943357626, 0.7275656026598408)
_viz_config[pacman.environment].size=(0.3076923076923077, 0.043360754973103634)
_viz_config[pacman.move].pos=(0.4933694943357626, 0.5681446919517686)
_viz_config[pacman.move].size=(0.3076923076923077, 0.04819277108433734)
_viz_config[pacman.obstacles].pos=(0.5, 0.09190982321680463)
_viz_config[pacman.obstacles].size=(0.3076923076923077, 0.031668859361383035)
_viz_config[pacman.score].pos=(0.49593899417787213, 0.8829307865894062)
_viz_config[pacman.score].size=(0.3076923076923077, 0.04819277108433734)