_viz_0 = nengo_gui.components.HTMLView(pacman.environment)
_viz_config[_viz_0].label_visible = True
_viz_config[_viz_0].width = 0.24974361088836727
_viz_config[_viz_0].height = 0.14981267339272886
_viz_config[_viz_0].y = 0.8259226849598876
_viz_config[_viz_0].x = 0.23470958914906262
_viz_ace_editor = nengo_gui.components.AceEditor()
_viz_net_graph = nengo_gui.components.NetGraph()
_viz_sim_control = nengo_gui.components.SimControl()
_viz_config[_viz_sim_control].kept_time = 4.0
_viz_config[_viz_sim_control].shown_time = 0.5
_viz_config[enemy].pos=(0.17150693768793968, 0.46932500731756915)
_viz_config[enemy].size=(0.015381670014482584, 0.032423093631531674)
_viz_config[enemySensor].pos=(0.12243874255144956, 0.4676778123610536)
_viz_config[enemySensor].size=(0.1, 0.1)
_viz_config[food].pos=(0.17263298321484408, 0.6080774270833017)
_viz_config[food].size=(0.010008028391942668, 0.021095969508737367)
_viz_config[foodSensor].pos=(0.1266886110914931, 0.602357818178932)
_viz_config[foodSensor].size=(0.1, 0.1)
_viz_config[model].pos=(0.09148835498417889, -0.3488776577195168)
_viz_config[model].size=(1.5503995642425568, 1.5503995642425568)
_viz_config[model].expanded=True
_viz_config[model].has_layout=True
_viz_config[move].pos=(0.4355757050455311, 0.5438882296689116)
_viz_config[move].size=(0.026792227621723824, 0.0564754609843112)
_viz_config[moveSensor].pos=(0.3404003390306245, 0.528269973365888)
_viz_config[moveSensor].size=(0.1, 0.1)
_viz_config[obstacleSensor].pos=(0.12134526521166407, 0.5485839887198788)
_viz_config[obstacleSensor].size=(0.1, 0.1)
_viz_config[obstacles].pos=(0.16955375070680553, 0.5496965299643112)
_viz_config[obstacles].size=(0.010667018132541457, 0.02248505704224548)
_viz_config[pacman].pos=(0.038403599076264325, 0.5381544137165603)
_viz_config[pacman].size=(0.056616406303774035, 0.1)
_viz_config[pacman].expanded=True
_viz_config[pacman].has_layout=True
_viz_config[pacman.detect_enemy].pos=(0.5, 0.10843373493975904)
_viz_config[pacman.detect_enemy].size=(0.3076923076923077, 0.04819277108433735)
_viz_config[pacman.detect_food].pos=(0.5, 0.7349397590361444)
_viz_config[pacman.detect_food].size=(0.3076923076923077, 0.04819277108433734)
_viz_config[pacman.environment].pos=(0.429879784926789, 0.47604159189345774)
_viz_config[pacman.environment].size=(0.1, 0.1)
_viz_config[pacman.move].pos=(0.5, 0.26506024096385544)
_viz_config[pacman.move].size=(0.3076923076923077, 0.04819277108433735)
_viz_config[pacman.obstacles].pos=(0.5, 0.5783132530120481)
_viz_config[pacman.obstacles].size=(0.3076923076923077, 0.04819277108433734)
_viz_config[pacman.score].pos=(0.5, 0.8915662650602407)
_viz_config[pacman.score].size=(0.3076923076923077, 0.04819277108433734)