_viz_0 = nengo_gui.components.HTMLView(pacman.environment)
_viz_config[_viz_0].label_visible = True
_viz_config[_viz_0].width = 0.4206140340581114
_viz_config[_viz_0].height = 0.18598439396530134
_viz_config[_viz_0].y = 0.7686249513594476
_viz_config[_viz_0].x = 0.5133125687660062
_viz_2 = nengo_gui.components.HTMLView(pacman.score)
_viz_config[_viz_2].label_visible = True
_viz_config[_viz_2].width = 0.06863191735889265
_viz_config[_viz_2].height = 0.059586935360834425
_viz_config[_viz_2].y = 0.07000315306881859
_viz_config[_viz_2].x = 0.918457549531896
_viz_ace_editor = nengo_gui.components.AceEditor()
_viz_net_graph = nengo_gui.components.NetGraph()
_viz_sim_control = nengo_gui.components.SimControl()
_viz_config[_viz_sim_control].kept_time = 4.0
_viz_config[_viz_sim_control].shown_time = 0.5
_viz_config[enemy].pos=(0.644807820068025, 0.41963067982238567)
_viz_config[enemy].size=(0.07692307692307693, 0.0625)
_viz_config[food].pos=(0.6367106540761203, 0.2367904839885745)
_viz_config[food].size=(0.07692307692307693, 0.0625)
_viz_config[model].pos=(0, 0)
_viz_config[model].size=(1.0, 1.0)
_viz_config[model].expanded=True
_viz_config[model].has_layout=True
_viz_config[move].pos=(0.9310378113803226, 0.4210846410722896)
_viz_config[move].size=(0.07692307692307693, 0.0625)
_viz_config[obstacles].pos=(0.6374914116665061, 0.07072085930440943)
_viz_config[obstacles].size=(0.07692307692307693, 0.0625)
_viz_config[pacman].pos=(0.18633986519865423, 0.27241664526803666)
_viz_config[pacman].size=(0.1307044988671915, 0.25)
_viz_config[pacman].expanded=True
_viz_config[pacman].has_layout=True
_viz_config[pacman.detect_enemy].pos=(0.5, 0.7349397590361444)
_viz_config[pacman.detect_enemy].size=(0.3076923076923077, 0.04819277108433734)
_viz_config[pacman.detect_food].pos=(0.5, 0.8915662650602407)
_viz_config[pacman.detect_food].size=(0.3076923076923077, 0.04819277108433734)
_viz_config[pacman.environment].pos=(0.5, 0.5783132530120481)
_viz_config[pacman.environment].size=(0.3076923076923077, 0.04819277108433734)
_viz_config[pacman.move].pos=(0.5, 0.4216867469879518)
_viz_config[pacman.move].size=(0.3076923076923077, 0.04819277108433734)
_viz_config[pacman.obstacles].pos=(0.5, 0.10843373493975904)
_viz_config[pacman.obstacles].size=(0.3076923076923077, 0.04819277108433735)
_viz_config[pacman.score].pos=(0.5, 0.26506024096385544)
_viz_config[pacman.score].size=(0.3076923076923077, 0.04819277108433735)