_viz_0 = nengo_gui.components.HTMLView(pacman.environment)
_viz_config[_viz_0].label_visible = True
_viz_config[_viz_0].width = 0.45476191157386414
_viz_config[_viz_0].height = 0.2712765957446808
_viz_config[_viz_0].y = 0.6549069704933389
_viz_config[_viz_0].x = 0.496647449260236
_viz_1 = nengo_gui.components.HTMLView(pacman.score)
_viz_config[_viz_1].label_visible = True
_viz_config[_viz_1].width = 0.05952380952380952
_viz_config[_viz_1].height = 0.1182033096926714
_viz_config[_viz_1].y = 0.21909642114557498
_viz_config[_viz_1].x = 0.8560298675683292
_viz_ace_editor = nengo_gui.components.AceEditor()
_viz_net_graph = nengo_gui.components.NetGraph()
_viz_sim_control = nengo_gui.components.SimControl()
_viz_config[_viz_sim_control].kept_time = 4.0
_viz_config[_viz_sim_control].shown_time = 0.5
_viz_config[enemy].pos=(0.40192307692307705, 0.13947990543735173)
_viz_config[enemy].size=(0.07692307692307693, 0.0625)
_viz_config[food].pos=(0.5144230769230771, 0.14804964539007076)
_viz_config[food].size=(0.07692307692307693, 0.0625)
_viz_config[model].pos=(0, 0)
_viz_config[model].size=(1.0, 1.0)
_viz_config[model].expanded=True
_viz_config[model].has_layout=True
_viz_config[move].pos=(0.6649725274725283, 0.09614361702127669)
_viz_config[move].size=(0.07692307692307693, 0.0625)
_viz_config[obstacles].pos=(0.577518315018315, 0.05998817966903064)
_viz_config[obstacles].size=(0.07692307692307693, 0.0625)
_viz_config[pacman].pos=(0.17028388278388287, 0.028767730496453883)
_viz_config[pacman].size=(0.15384615384615385, 0.25)
_viz_config[pacman].expanded=True
_viz_config[pacman].has_layout=True
_viz_config[pacman.detect_enemy].pos=(0.5, 0.7349397590361444)
_viz_config[pacman.detect_enemy].size=(0.3076923076923077, 0.04819277108433734)
_viz_config[pacman.detect_food].pos=(0.5, 0.26506024096385544)
_viz_config[pacman.detect_food].size=(0.3076923076923077, 0.04819277108433735)
_viz_config[pacman.environment].pos=(0.5, 0.4216867469879518)
_viz_config[pacman.environment].size=(0.3076923076923077, 0.04819277108433734)
_viz_config[pacman.move].pos=(0.5, 0.5783132530120481)
_viz_config[pacman.move].size=(0.3076923076923077, 0.04819277108433734)
_viz_config[pacman.obstacles].pos=(0.5, 0.10843373493975904)
_viz_config[pacman.obstacles].size=(0.3076923076923077, 0.04819277108433735)
_viz_config[pacman.score].pos=(0.5, 0.8915662650602407)
_viz_config[pacman.score].size=(0.3076923076923077, 0.04819277108433734)