_viz_0 = nengo_gui.components.HTMLView(pacman.environment)
_viz_config[_viz_0].label_visible = True
_viz_config[_viz_0].width = 0.5882768410425618
_viz_config[_viz_0].height = 0.2190048233062076
_viz_config[_viz_0].y = 1.2432599905799133
_viz_config[_viz_0].x = 0.81839733611539
_viz_1 = nengo_gui.components.HTMLView(pacman.score)
_viz_config[_viz_1].label_visible = True
_viz_config[_viz_1].width = 0.11884568222118912
_viz_config[_viz_1].height = 0.07521377770112181
_viz_config[_viz_1].y = 0.9223912068690305
_viz_config[_viz_1].x = 1.2273324503094563
_viz_ace_editor = nengo_gui.components.AceEditor()
_viz_net_graph = nengo_gui.components.NetGraph()
_viz_sim_control = nengo_gui.components.SimControl()
_viz_config[_viz_sim_control].kept_time = 4.0
_viz_config[_viz_sim_control].shown_time = 0.5
_viz_config[enemy].pos=(0.534035316208365, 0.4004308582365924)
_viz_config[enemy].size=(0.1, 0.1)
_viz_config[food].pos=(0.6595100082817302, 0.5551284243768722)
_viz_config[food].size=(0.1, 0.1)
_viz_config[model].pos=(-0.20740125571771606, -0.4809182901214357)
_viz_config[model].size=(0.8209046705473146, 0.8209046705473146)
_viz_config[model].expanded=True
_viz_config[model].has_layout=True
_viz_config[move].pos=(0.9192993658331096, 0.6140258378826013)
_viz_config[move].size=(0.1, 0.1)
_viz_config[obstacles].pos=(0.0643961831062273, 0.9398077535816846)
_viz_config[obstacles].size=(0.1, 0.1)
_viz_config[pacman].pos=(0.6547575552198815, 0.7573473890424118)
_viz_config[pacman].size=(0.1, 0.1)
_viz_config[pacman].expanded=True
_viz_config[pacman].has_layout=True
_viz_config[pacman.detect_enemy].pos=(0.328560120725067, 0.7666344233837934)
_viz_config[pacman.detect_enemy].size=(0.1, 0.1)
_viz_config[pacman.detect_food].pos=(0.04926097506788585, 0.044056974318684716)
_viz_config[pacman.detect_food].size=(0.1, 0.1)
_viz_config[pacman.environment].pos=(0.5, 0.6140350877192982)
_viz_config[pacman.environment].size=(0.3076923076923077, 0.07017543859649122)
_viz_config[pacman.move].pos=(0.5, 0.38596491228070173)
_viz_config[pacman.move].size=(0.3076923076923077, 0.07017543859649122)
_viz_config[pacman.obstacles].pos=(0.5, 0.15789473684210525)
_viz_config[pacman.obstacles].size=(0.3076923076923077, 0.07017543859649122)
_viz_config[pacman.score].pos=(0.5, 0.8421052631578947)
_viz_config[pacman.score].size=(0.3076923076923077, 0.07017543859649122)