_viz_0 = nengo_gui.components.HTMLView(pacman.environment)
_viz_config[_viz_0].label_visible = True
_viz_config[_viz_0].width = 0.8195453277001546
_viz_config[_viz_0].height = 0.4894534682214472
_viz_config[_viz_0].y = 1.092705257369791
_viz_config[_viz_0].x = 0.8313355040887062
_viz_2 = nengo_gui.components.HTMLView(pacman.score)
_viz_config[_viz_2].label_visible = True
_viz_config[_viz_2].width = 0.09115473968317778
_viz_config[_viz_2].height = 0.11684085974257134
_viz_config[_viz_2].y = 0.9508838456727562
_viz_config[_viz_2].x = -0.09167045172625432
_viz_ace_editor = nengo_gui.components.AceEditor()
_viz_net_graph = nengo_gui.components.NetGraph()
_viz_sim_control = nengo_gui.components.SimControl()
_viz_config[_viz_sim_control].kept_time = 4.0
_viz_config[_viz_sim_control].shown_time = 0.5
_viz_config[enemy].pos=(1.0061261308537288, 0.02657544649059959)
_viz_config[enemy].size=(0.06078124622122007, 0.07593976525459942)
_viz_config[enemySensor].pos=(0.8174839062984933, 0.03200995933086802)
_viz_config[enemySensor].size=(0.1, 0.1)
_viz_config[food].pos=(1.001948981231605, 0.2234339526045303)
_viz_config[food].size=(0.058088646755460466, 0.07257564582522422)
_viz_config[foodSensor].pos=(0.8129611005703119, 0.1747600935240956)
_viz_config[foodSensor].size=(0.1, 0.1)
_viz_config[model].pos=(0.2217473679866342, 0.29219617423195954)
_viz_config[model].size=(0.5158679373165506, 0.5158679373165506)
_viz_config[model].expanded=True
_viz_config[model].has_layout=True
_viz_config[move].pos=(1.607862842693744, 0.1463594095953272)
_viz_config[move].size=(0.05502573272097927, 0.10927095859485245)
_viz_config[moveSensor].pos=(0.8221015506021107, 0.4476553408540711)
_viz_config[moveSensor].size=(0.1, 0.1)
_viz_config[obstacleSensor].pos=(0.8175182001935306, -0.13066448080803816)
_viz_config[obstacleSensor].size=(0.1, 0.1)
_viz_config[obstacles].pos=(1.008243831613717, -0.19551271015821253)
_viz_config[obstacles].size=(0.06738020755532455, 0.08418447239357742)
_viz_config[pacman].pos=(0.2697322396013674, 0.12446904822848393)
_viz_config[pacman].size=(0.284822235328048, 0.37207720679348083)
_viz_config[pacman].expanded=True
_viz_config[pacman].has_layout=True
_viz_config[pacman.detect_enemy].pos=(0.49267012938805255, 0.2606162495627699)
_viz_config[pacman.detect_enemy].size=(0.4099131780200864, 0.03482013126969036)
_viz_config[pacman.detect_food].pos=(0.49315612169614287, 0.4244164253633577)
_viz_config[pacman.detect_food].size=(0.4066157305901587, 0.04346470062756927)
_viz_config[pacman.environment].pos=(0.41756381425178873, 0.9049050242775141)
_viz_config[pacman.environment].size=(0.11314290932653365, 0.03589433618312745)
_viz_config[pacman.move].pos=(0.7954916829498441, 0.8577670330043975)
_viz_config[pacman.move].size=(0.1565480860318603, 0.08336816772264807)
_viz_config[pacman.obstacles].pos=(0.5000000000000002, 0.09736037971279463)
_viz_config[pacman.obstacles].size=(0.41650807287994307, 0.04589435413334042)
_viz_config[pacman.score].pos=(0.14552440128269836, 0.9127778124275756)
_viz_config[pacman.score].size=(0.10489929075171256, 0.03999381448353076)