_viz_0 = nengo_gui.components.HTMLView(pacman.environment)
_viz_config[_viz_0].label_visible = True
_viz_config[_viz_0].width = 0.47321222925478695
_viz_config[_viz_0].height = 0.27127661378107454
_viz_config[_viz_0].y = 1.3443347859523178
_viz_config[_viz_0].x = 0.642674521436701
_viz_1 = nengo_gui.components.HTMLView(pacman.score)
_viz_config[_viz_1].label_visible = True
_viz_config[_viz_1].width = 0.06134969325153374
_viz_config[_viz_1].height = 0.1182033096926714
_viz_config[_viz_1].y = 0.8982312227633933
_viz_config[_viz_1].x = 0.3869777642062019
_viz_ace_editor = nengo_gui.components.AceEditor()
_viz_net_graph = nengo_gui.components.NetGraph()
_viz_sim_control = nengo_gui.components.SimControl()
_viz_config[_viz_sim_control].kept_time = 4.0
_viz_config[_viz_sim_control].shown_time = 0.5
_viz_config[enemy].pos=(0.911764705882353, 0.8717948717948718)
_viz_config[enemy].size=(0.058823529411764705, 0.06410256410256411)
_viz_config[food].pos=(0.08823529411764705, 0.4102564102564103)
_viz_config[food].size=(0.058823529411764705, 0.06410256410256411)
_viz_config[model].pos=(-0.1685392636413805, -0.7546842822432359)
_viz_config[model].size=(0.9999999999999999, 0.9999999999999999)
_viz_config[model].expanded=True
_viz_config[model].has_layout=True
_viz_config[move].pos=(0.32352941176470584, 0.22435897435897437)
_viz_config[move].size=(0.058823529411764705, 0.06410256410256411)
_viz_config[obstacles].pos=(0.911764705882353, 0.1282051282051282)
_viz_config[obstacles].size=(0.058823529411764705, 0.06410256410256411)
_viz_config[pacman].pos=(0.6176470588235293, 0.5897435897435898)
_viz_config[pacman].size=(0.11764705882352941, 0.25641025641025644)
_viz_config[pacman].expanded=True
_viz_config[pacman].has_layout=True
_viz_config[pacman.detect_enemy].pos=(0.5, 0.4216867469879518)
_viz_config[pacman.detect_enemy].size=(0.3076923076923077, 0.04819277108433734)
_viz_config[pacman.detect_food].pos=(0.5, 0.7349397590361444)
_viz_config[pacman.detect_food].size=(0.3076923076923077, 0.04819277108433734)
_viz_config[pacman.environment].pos=(0.5, 0.5783132530120481)
_viz_config[pacman.environment].size=(0.3076923076923077, 0.04819277108433734)
_viz_config[pacman.move].pos=(0.5, 0.8915662650602407)
_viz_config[pacman.move].size=(0.3076923076923077, 0.04819277108433734)
_viz_config[pacman.obstacles].pos=(0.5, 0.10843373493975904)
_viz_config[pacman.obstacles].size=(0.3076923076923077, 0.04819277108433735)
_viz_config[pacman.score].pos=(0.5, 0.26506024096385544)
_viz_config[pacman.score].size=(0.3076923076923077, 0.04819277108433735)