_viz_0 = nengo_gui.components.HTMLView(pacman.environment)
_viz_config[_viz_0].label_visible = True
_viz_config[_viz_0].width = 0.8195453277001546
_viz_config[_viz_0].height = 0.4894534682214472
_viz_config[_viz_0].y = 1.1133273916464033
_viz_config[_viz_0].x = 0.774796485946996
_viz_1 = nengo_gui.components.Slider(pacman.move)
_viz_config[_viz_1].label_visible = True
_viz_config[_viz_1].width = 0.05769287565480553
_viz_config[_viz_1].x = 0.49261846912557106
_viz_config[_viz_1].y = 0.48145024408672615
_viz_config[_viz_1].max_value = 1
_viz_config[_viz_1].min_value = -1
_viz_config[_viz_1].height = 0.22913482529568152
_viz_2 = nengo_gui.components.HTMLView(pacman.score)
_viz_config[_viz_2].label_visible = True
_viz_config[_viz_2].width = 0.09115473968317778
_viz_config[_viz_2].height = 0.11684085974257134
_viz_config[_viz_2].y = 0.9027655323606625
_viz_config[_viz_2].x = -0.14820946986796377
_viz_ace_editor = nengo_gui.components.AceEditor()
_viz_net_graph = nengo_gui.components.NetGraph()
_viz_sim_control = nengo_gui.components.SimControl()
_viz_config[_viz_sim_control].kept_time = 4.0
_viz_config[_viz_sim_control].shown_time = 0.5
_viz_config[enemy].pos=(1.008433845879921, 0.0724024115497359)
_viz_config[enemy].size=(0.06078124622122007, 0.07593976525459942)
_viz_config[enemySensor].pos=(0.8232531938639738, 0.11678984469027018)
_viz_config[enemySensor].size=(0.1, 0.1)
_viz_config[food].pos=(1.0146414138756614, 0.26696956941070976)
_viz_config[food].size=(0.058088646755460466, 0.07257564582522422)
_viz_config[foodSensor].pos=(0.8325766782929463, 0.25953997888349795)
_viz_config[foodSensor].size=(0.1, 0.1)
_viz_config[model].pos=(0.27136324104976683, 0.2967788707378729)
_viz_config[model].size=(0.5158679373165506, 0.5158679373165506)
_viz_config[model].expanded=True
_viz_config[model].has_layout=True
_viz_config[move].pos=(1.525938959263921, 0.15323345435419766)
_viz_config[move].size=(0.07750682804434465, 0.09683661808930227)
_viz_config[moveSensor].pos=(1.0228727578808339, 0.4705688233836392)
_viz_config[moveSensor].size=(0.1, 0.1)
_viz_config[obstacleSensor].pos=(0.8175182001935307, -0.0435932471956791)
_viz_config[obstacleSensor].size=(0.1, 0.1)
_viz_config[obstacles].pos=(1.0036284015613328, -0.1703078793756875)
_viz_config[obstacles].size=(0.06738020755532455, 0.08418447239357742)
_viz_config[pacman].pos=(0.2351165142084841, 0.1668589909081849)
_viz_config[pacman].size=(0.284822235328048, 0.40301040820839823)
_viz_config[pacman].expanded=True
_viz_config[pacman].has_layout=True
_viz_config[pacman.detect_enemy].pos=(0.49267012938805255, 0.2606162495627699)
_viz_config[pacman.detect_enemy].size=(0.4099131780200864, 0.03482013126969036)
_viz_config[pacman.detect_food].pos=(0.49315612169614287, 0.4244164253633577)
_viz_config[pacman.detect_food].size=(0.4066157305901587, 0.04346470062756927)
_viz_config[pacman.environment].pos=(0.41756381425178873, 0.9049050242775141)
_viz_config[pacman.environment].size=(0.11314290932653365, 0.03589433618312745)
_viz_config[pacman.move].pos=(0.7954916829498441, 0.8577670330043975)
_viz_config[pacman.move].size=(0.1565480860318603, 0.08336816772264807)
_viz_config[pacman.obstacles].pos=(0.5000000000000002, 0.09736037971279463)
_viz_config[pacman.obstacles].size=(0.41650807287994307, 0.04589435413334042)
_viz_config[pacman.score].pos=(0.14552440128269836, 0.9127778124275756)
_viz_config[pacman.score].size=(0.10489929075171256, 0.03999381448353076)