_viz_0 = nengo_gui.components.HTMLView(pacman.environment)
_viz_config[_viz_0].label_visible = True
_viz_config[_viz_0].width = 0.658192482797726
_viz_config[_viz_0].height = 0.2367751305528197
_viz_config[_viz_0].y = 1.3978941925948254
_viz_config[_viz_0].x = 0.6799916126474377
_viz_1 = nengo_gui.components.HTMLView(pacman.score)
_viz_config[_viz_1].label_visible = True
_viz_config[_viz_1].width = 0.24982155043304233
_viz_config[_viz_1].height = 0.08553556881854545
_viz_config[_viz_1].y = 0.9496217412990856
_viz_config[_viz_1].x = 1.4151177768094605
_viz_ace_editor = nengo_gui.components.AceEditor()
_viz_net_graph = nengo_gui.components.NetGraph()
_viz_sim_control = nengo_gui.components.SimControl()
_viz_config[_viz_sim_control].kept_time = 4.0
_viz_config[_viz_sim_control].shown_time = 0.5
_viz_config[enemy].pos=(0.534035316208365, 0.4004308582365924)
_viz_config[enemy].size=(0.1, 0.1)
_viz_config[food].pos=(0.6595100082817302, 0.5551284243768722)
_viz_config[food].size=(0.1, 0.1)
_viz_config[model].pos=(0.01773628885786418, -0.2927184683496362)
_viz_config[model].size=(0.6446615825325459, 0.6446615825325459)
_viz_config[model].expanded=True
_viz_config[model].has_layout=True
_viz_config[move].pos=(1.010261554246677, 0.5397038358645199)
_viz_config[move].size=(0.1, 0.1)
_viz_config[obstacles].pos=(0.0643961831062273, 0.9398077535816846)
_viz_config[obstacles].size=(0.1, 0.1)
_viz_config[pacman].pos=(0.9209518592756691, 0.8496709665778494)
_viz_config[pacman].size=(0.12042464519220557, 0.14277998808006162)
_viz_config[pacman].expanded=True
_viz_config[pacman].has_layout=True
_viz_config[pacman.detect_enemy].pos=(0.1, 0.684919404120462)
_viz_config[pacman.detect_enemy].size=(0.1, 0.1)
_viz_config[pacman.detect_food].pos=(0.1, 0.8782311292985256)
_viz_config[pacman.detect_food].size=(0.1, 0.1)
_viz_config[pacman.environment].pos=(0.5, 0.6140350877192982)
_viz_config[pacman.environment].size=(0.3076923076923077, 0.07017543859649122)
_viz_config[pacman.move].pos=(0.5, 0.38596491228070173)
_viz_config[pacman.move].size=(0.3076923076923077, 0.07017543859649122)
_viz_config[pacman.obstacles].pos=(0.5, 0.15789473684210525)
_viz_config[pacman.obstacles].size=(0.3076923076923077, 0.07017543859649122)
_viz_config[pacman.score].pos=(0.5, 0.8421052631578947)
_viz_config[pacman.score].size=(0.3076923076923077, 0.07017543859649122)