_viz_0 = nengo_gui.components.HTMLView(pacman.score)
_viz_config[_viz_0].label_visible = True
_viz_config[_viz_0].width = 0.04990468088138206
_viz_config[_viz_0].height = 0.06426838976975033
_viz_config[_viz_0].y = 0.8821318356666485
_viz_config[_viz_0].x = 0.5971699335773966
_viz_1 = nengo_gui.components.HTMLView(pacman.environment)
_viz_config[_viz_1].label_visible = True
_viz_config[_viz_1].width = 0.23703060335419096
_viz_config[_viz_1].height = 0.08676232618916294
_viz_config[_viz_1].y = 1.044254387668777
_viz_config[_viz_1].x = 0.5376860701691866
_viz_ace_editor = nengo_gui.components.AceEditor()
_viz_net_graph = nengo_gui.components.NetGraph()
_viz_sim_control = nengo_gui.components.SimControl()
_viz_config[_viz_sim_control].kept_time = 4.0
_viz_config[_viz_sim_control].shown_time = 0.5
_viz_config[enemy].pos=(0.6367836165941061, 0.4528497054335734)
_viz_config[enemy].size=(0.1, 0.1)
_viz_config[food].pos=(0.5451434897683959, 0.43897797333204003)
_viz_config[food].size=(0.1, 0.1)
_viz_config[model].pos=(-0.262164326514976, -0.6813423874207623)
_viz_config[model].size=(1.9138682399382911, 1.9138682399382911)
_viz_config[model].expanded=True
_viz_config[model].has_layout=True
_viz_config[move].pos=(0.7055167294517765, 0.7022380709453818)
_viz_config[move].size=(0.1, 0.1)
_viz_config[obstacles].pos=(0.8753851912440496, 0.7637254793617608)
_viz_config[obstacles].size=(0.1, 0.1)
_viz_config[pacman].pos=(0.3754374464096987, 0.8012495513124055)
_viz_config[pacman].size=(0.1, 0.1)
_viz_config[pacman].expanded=True
_viz_config[pacman].has_layout=True
_viz_config[pacman.detect_enemy].pos=(0.5, 0.4216867469879518)
_viz_config[pacman.detect_enemy].size=(0.3076923076923077, 0.04819277108433734)
_viz_config[pacman.detect_food].pos=(0.5, 0.26506024096385544)
_viz_config[pacman.detect_food].size=(0.3076923076923077, 0.04819277108433735)
_viz_config[pacman.environment].pos=(0.5, 0.7349397590361444)
_viz_config[pacman.environment].size=(0.3076923076923077, 0.04819277108433734)
_viz_config[pacman.move].pos=(0.5, 0.5783132530120481)
_viz_config[pacman.move].size=(0.3076923076923077, 0.04819277108433734)
_viz_config[pacman.obstacles].pos=(0.5, 0.10843373493975904)
_viz_config[pacman.obstacles].size=(0.3076923076923077, 0.04819277108433735)
_viz_config[pacman.score].pos=(0.5, 0.8915662650602407)
_viz_config[pacman.score].size=(0.3076923076923077, 0.04819277108433734)