_viz_0 = nengo_gui.components.HTMLView(pacman.environment)
_viz_config[_viz_0].label_visible = True
_viz_config[_viz_0].width = 0.5533009179570161
_viz_config[_viz_0].height = 0.2064231068157626
_viz_config[_viz_0].y = 1.2745580090983384
_viz_config[_viz_0].x = 0.8668888983364186
_viz_1 = nengo_gui.components.HTMLView(pacman.score)
_viz_config[_viz_1].label_visible = True
_viz_config[_viz_1].width = 0.11884568222118912
_viz_config[_viz_1].height = 0.14747799549239568
_viz_config[_viz_1].y = 0.8971737405105471
_viz_config[_viz_1].x = 0.5745474437614033
_viz_ace_editor = nengo_gui.components.AceEditor()
_viz_net_graph = nengo_gui.components.NetGraph()
_viz_sim_control = nengo_gui.components.SimControl()
_viz_config[_viz_sim_control].kept_time = 4.0
_viz_config[_viz_sim_control].shown_time = 0.5
_viz_config[enemy].pos=(0.990619810945331, 0.8356877201570916)
_viz_config[enemy].size=(0.1, 0.1)
_viz_config[food].pos=(0.3323651020407731, 0.5926740433134423)
_viz_config[food].size=(0.1, 0.1)
_viz_config[model].pos=(-0.2418665035618609, -0.4853426299862076)
_viz_config[model].size=(0.8209046705473146, 0.8209046705473146)
_viz_config[model].expanded=True
_viz_config[model].has_layout=True
_viz_config[move].pos=(0.6313947302427058, 0.5938539976441805)
_viz_config[move].size=(0.1, 0.1)
_viz_config[obstacles].pos=(0.05412559318093135, 0.15037070717190792)
_viz_config[obstacles].size=(0.1, 0.1)
_viz_config[pacman].pos=(0.650869973599522, 0.5585093409445592)
_viz_config[pacman].size=(0.1, 0.1)
_viz_config[pacman].expanded=True
_viz_config[pacman].has_layout=True
_viz_config[pacman.detect_enemy].pos=(0.5, 0.5783132530120481)
_viz_config[pacman.detect_enemy].size=(0.3076923076923077, 0.04819277108433734)
_viz_config[pacman.detect_food].pos=(0.6923076923076923, 0.4364345465371914)
_viz_config[pacman.detect_food].size=(0.3076923076923077, 0.04819277108433734)
_viz_config[pacman.environment].pos=(0.5, 0.7349397590361444)
_viz_config[pacman.environment].size=(0.3076923076923077, 0.04819277108433734)
_viz_config[pacman.move].pos=(0.5, 0.10843373493975904)
_viz_config[pacman.move].size=(0.3076923076923077, 0.04819277108433735)
_viz_config[pacman.obstacles].pos=(0.5, 0.26506024096385544)
_viz_config[pacman.obstacles].size=(0.3076923076923077, 0.04819277108433735)
_viz_config[pacman.score].pos=(0.5, 0.8915662650602407)
_viz_config[pacman.score].size=(0.3076923076923077, 0.04819277108433734)