_viz_0 = nengo_gui.components.Raster(move)
_viz_config[_viz_0].label_visible = True
_viz_config[_viz_0].width = 0.04990468088138206
_viz_config[_viz_0].x = 0.5476088536821618
_viz_config[_viz_0].y = 0.7351847988677065
_viz_config[_viz_0].height = 0.06426838976975033
_viz_1 = nengo_gui.components.HTMLView(pacman.environment)
_viz_config[_viz_1].label_visible = True
_viz_config[_viz_1].width = 0.23703060335419096
_viz_config[_viz_1].height = 0.08676232618916294
_viz_config[_viz_1].y = 1.0629839694818815
_viz_config[_viz_1].x = 0.39550385098332813
_viz_2 = nengo_gui.components.Value(move)
_viz_config[_viz_2].max_value = 1
_viz_config[_viz_2].min_value = -1
_viz_config[_viz_2].legend_labels = [u'label_0', u'label_1']
_viz_config[_viz_2].height = 0.06426838976975033
_viz_config[_viz_2].label_visible = True
_viz_config[_viz_2].width = 0.04990468088138206
_viz_config[_viz_2].show_legend = False
_viz_config[_viz_2].y = 0.8765752563611575
_viz_config[_viz_2].x = 0.5535974153879274
_viz_ace_editor = nengo_gui.components.AceEditor()
_viz_net_graph = nengo_gui.components.NetGraph()
_viz_sim_control = nengo_gui.components.SimControl()
_viz_config[_viz_sim_control].kept_time = 4.0
_viz_config[_viz_sim_control].shown_time = 0.5
_viz_config[enemy].pos=(0.38764054179431484, 0.799943986690775)
_viz_config[enemy].size=(0.01799483342170812, 0.02317415817039164)
_viz_config[food].pos=(0.3857767980611986, 0.7096034480840886)
_viz_config[food].size=(0.01862632373266044, 0.023987405840215845)
_viz_config[model].pos=(-0.12748639958779906, -0.649956823432932)
_viz_config[model].size=(1.9138682399382911, 1.9138682399382911)
_viz_config[model].expanded=True
_viz_config[model].has_layout=True
_viz_config[move].pos=(0.43454434333992925, 0.781097537247101)
_viz_config[move].size=(0.016249429432351196, 0.020926386981146006)
_viz_config[obstacles].pos=(0.38833379931406564, 0.8969393040750988)
_viz_config[obstacles].size=(0.018906612180303522, 0.04869673543118768)
_viz_config[pacman].pos=(0.2439460092764887, 0.8056965188761013)
_viz_config[pacman].size=(0.10249523404406913, 0.13599029827106027)
_viz_config[pacman].expanded=True
_viz_config[pacman].has_layout=True
_viz_config[pacman.detect_enemy].pos=(0.5, 0.4141343637137833)
_viz_config[pacman.detect_enemy].size=(0.3076923076923077, 0.04819277108433734)
_viz_config[pacman.detect_food].pos=(0.5024344878738423, 0.25356194336045007)
_viz_config[pacman.detect_food].size=(0.3076923076923077, 0.041103840044383846)
_viz_config[pacman.environment].pos=(0.5122331855394382, 0.7370173448108659)
_viz_config[pacman.environment].size=(0.3076923076923077, 0.04819277108433734)
_viz_config[pacman.move].pos=(0.5073642097917537, 0.5795403963115999)
_viz_config[pacman.move].size=(0.3076923076923077, 0.04819277108433734)
_viz_config[pacman.obstacles].pos=(0.5, 0.10252629240646445)
_viz_config[pacman.obstacles].size=(0.3076923076923077, 0.042285328551042764)
_viz_config[pacman.score].pos=(0.4999999999999999, 0.8950622101670134)
_viz_config[pacman.score].size=(0.3076923076923077, 0.049799480828581086)