_viz_0 = nengo_gui.components.HTMLView(pacman.environment)
_viz_config[_viz_0].label_visible = True
_viz_config[_viz_0].width = 0.8148484045759953
_viz_config[_viz_0].height = 0.3671187841132743
_viz_config[_viz_0].y = 1.3803887155299772
_viz_config[_viz_0].x = 0.7465598192146363
_viz_ace_editor = nengo_gui.components.AceEditor()
_viz_net_graph = nengo_gui.components.NetGraph()
_viz_sim_control = nengo_gui.components.SimControl()
_viz_config[_viz_sim_control].kept_time = 4.0
_viz_config[_viz_sim_control].shown_time = 0.5
_viz_config[enemy].pos=(1.3703962643486074, 0.3712985272393142)
_viz_config[enemy].size=(0.06078124622122007, 0.07593976525459942)
_viz_config[enemySensor].pos=(0.7406047952515074, 0.3702473594313827)
_viz_config[enemySensor].size=(0.1, 0.1)
_viz_config[food].pos=(1.3193939668113004, 0.6523654686640872)
_viz_config[food].size=(0.058088646755460466, 0.07257564582522422)
_viz_config[foodSensor].pos=(0.7386580435060527, 0.6538072240363394)
_viz_config[foodSensor].size=(0.1, 0.1)
_viz_config[model].pos=(0.23771756098475355, 0.16574903632222648)
_viz_config[model].size=(0.5158679373165506, 0.5158679373165506)
_viz_config[model].expanded=True
_viz_config[model].has_layout=True
_viz_config[move].pos=(1.5109119776980175, 0.8220796738099094)
_viz_config[move].size=(0.07750682804434465, 0.09683661808930227)
_viz_config[moveSensor].pos=(0.7320469967893147, 0.8042235269782368)
_viz_config[moveSensor].size=(0.1, 0.1)
_viz_config[obstacleSensor].pos=(0.7498967831469673, 0.11833794277780889)
_viz_config[obstacleSensor].size=(0.1, 0.1)
_viz_config[obstacles].pos=(1.4859408420355071, 0.10511994791193516)
_viz_config[obstacles].size=(0.06738020755532455, 0.08418447239357742)
_viz_config[pacman].pos=(-0.01658542702038817, 0.4623652427174816)
_viz_config[pacman].size=(0.1176470654073792, 0.42935259102931617)
_viz_config[pacman].expanded=True
_viz_config[pacman].has_layout=True
_viz_config[pacman.detect_enemy].pos=(0.5025624716778382, 0.41977128485726173)
_viz_config[pacman.detect_enemy].size=(0.3076923076923077, 0.049807483188559654)
_viz_config[pacman.detect_food].pos=(0.507335145644837, 0.7375698056151567)
_viz_config[pacman.detect_food].size=(0.3076923076923077, 0.0534528642423626)
_viz_config[pacman.environment].pos=(0.5, 0.5783132530120481)
_viz_config[pacman.environment].size=(0.3076923076923077, 0.04819277108433734)
_viz_config[pacman.move].pos=(0.5036675728224185, 0.9055733323002214)
_viz_config[pacman.move].size=(0.29668958922505245, 0.05167965200826704)
_viz_config[pacman.obstacles].pos=(0.5, 0.10843373493975904)
_viz_config[pacman.obstacles].size=(0.3076923076923077, 0.04819277108433735)
_viz_config[pacman.score].pos=(0.5, 0.26506024096385544)
_viz_config[pacman.score].size=(0.3076923076923077, 0.04819277108433735)